260 321.5 0
269.749 328.603 0
280.06 334.96 0
290.882 340.568 0
302.161 345.423 0
313.846 349.521 0
325.884 352.859 0
338.223 355.434 0
350.811 357.241 0
363.594 358.279 0
376.521 358.542 0
389.539 358.027 0
402.596 356.732 0
415.64 354.652 0
428.617 351.784 0
441.477 348.125 0
454.165 343.671 0
466.631 338.418 0
478.822 332.363 0
490.684 325.503 0
502.167 317.833 0
513.223 309.365 0
523.831 300.164 0
533.974 290.309 0
543.637 279.879 0
552.805 268.953 0
561.46 257.611 0
569.588 245.933 0
577.172 233.996 0
584.197 221.881 0
590.646 209.667 0
596.504 197.432 0
601.755 185.257 0
606.383 173.221 0
610.372 161.402 0
613.706 149.88 0
616.369 138.735 0
618.346 128.045 0
619.621 117.889 0
620.178 108.348 0
620 99.5 0
619.077 91.406 0
617.418 84.0527 0
615.034 77.4084 0
611.94 71.4413 0
608.148 66.1198 0
603.673 61.412 0
598.525 57.2862 0
592.72 53.7107 0
586.27 50.6536 0
579.188 48.0833 0
571.487 45.968 0
563.18 44.276 0
554.281 42.9755 0
544.802 42.0347 0
534.758 41.4219 0
524.16 41.1053 0
513.022 41.0533 0
501.358 41.234 0
489.179 41.6157 0
476.5 42.1667 0
463.344 42.8647 0
449.778 43.7255 0
435.878 44.7746 0
421.723 46.0373 0
407.388 47.5391 0
392.952 49.3052 0
378.49 51.361 0
364.081 53.732 0
349.802 56.4435 0
335.729 59.5208 0
321.94 62.9894 0
308.512 66.8747 0
295.522 71.2019 0
283.047 75.9965 0
271.164 81.2839 0
259.951 87.0894 0
249.484 93.4383 0
239.84 100.356 0
231.098 107.868 0
223.333 116 0
216.607 124.761 0
210.914 134.098 0
206.232 143.94 0
202.539 154.22 0
199.813 164.867 0
198.031 175.812 0
197.173 186.987 0
197.216 198.32 0
198.138 209.743 0
199.917 221.188 0
202.531 232.583 0
205.957 243.86 0
210.175 254.95 0
215.162 265.783 0
220.896 276.289 0
227.355 286.4 0
234.517 296.046 0
242.359 305.158 0
250.861 313.665 0
260 321.5 0